0 0 20.8345341381687
1 0 0.0496544303257421
2 0 0.902716109915281
3 0 0.944787189721646
4 0 0.49086409246808
0 1 0.0496544303257421
1 1 20.6754388196428
2 1 0.900053846417662
3 1 0.369246781120215
4 1 0.111202755293787
0 2 0.902716109915281
1 2 0.900053846417662
2 2 20.4833825718277
3 2 0.403912145588115
4 2 0.0964545251683886
0 3 0.944787189721646
1 3 0.369246781120215
2 3 0.403912145588115
3 3 21.1504171901569
4 3 0.0597795429471558
0 4 0.49086409246808
1 4 0.111202755293787
2 4 0.0964545251683886
3 4 0.0597795429471558
4 4 20.0860476033156
